%YAML:1.0
---
calib_time: "2019年11月03日 星期日 11时40分29秒"
imageSize: [ 640, 480 ]
patternSize: [ 4, 11 ]
square_size: 20.
num_boards: 20
cameraMatrix: !!opencv-matrix
   rows: 3
   cols: 3
   dt: d
   data: [ 6.3525453073429628e+02, 0., 3.2638636516221510e+02, 0.,
       6.3853884087341896e+02, 2.2757332112691572e+02, 0., 0., 1. ]
distCoeffs: !!opencv-matrix
   rows: 1
   cols: 5
   dt: d
   data: [ 1.7116230765209961e-02, 3.2561965045831487e-01,
       -3.5952240487248130e-03, 2.5881006758813009e-03,
       -1.4639339595183551e+00 ]
